Vector Kr : 
2
192
146
233
208
118
250
119
133
22
69
43
57
131
30
33
116
237
134
148
239
111
99
95
6
10
69
201
29
207
98
54
158
154
144
144
194
203
255
42
127
225
113
144
203
141
219
146
218
17
253
5
109
221
6
222
214
107
110
121
170
185
106
177
137
251
138
75
228
137
28
47
198
83
157
68
121
233
54
85
228
126
179
145
207
105
191
174
24
56
22
1
56
214
201
186
13
125
72
120
46
118
87
229
229
124
252
79
125
76
190
90
41
249
117
69
129
7
102
250
33
93
188
51
212
162
220
238
19
139
31
166
169
36
106
150
200
103
232
195
224
99
22
193
25
236
13
82
96
103
220
19
93
154
88
143
29
34
34
133
177
251
213
83
34
0
144
71
233
152
29
12
10
254
131
127
106
119
223
176
1
113
73
74
97
35
194
212
150
17
114
226
136
11
154
116
82
235
122
160
88
99
130
63
81
152
110
164
19
82
147
189
44
73
62
68
208
120
37
213
69
85
228
129
35
27
218
85
88
173
232
64
251
199
19
218
237
71
204
179
180
32
1
205
196
201
50
133
33
66
126
21
167
39
14
219
69
135
0
81
81
33
210
173
115
19
165
10
122
33
235
36
213
107
189
93
203
114
162
142
196
40
214
103
32
178
188
105
96
251
40
12
249
240
81
48
179
120
87
156
44
102
139
167
85
40
246
43
64
202
86
132
253
44
111
17
63
205
149
35
233
138
199
129
216
173
164
121
232
248
221
88
95
67
15
107
134
241
249
71
207
191
15
125
4
51
40
238
96
86
203
211
161
74
76
29
236
150
239
192
82
166
210
61
215
5
248
198
179
27
58
96
149
192
172
233
199
64
86
88
2
62
251
74
14
28
144
194
193
160
19
108
153
190
33
211
207
4
57
201
23
124
30
103
39
141
190
23
106
132
151
72
230
194
75
220
115
41
94
189
58
30
165
247
41
240
208
95
79
82
160
181
93
122
196
149
12
159
18
221
187
192
181
250
145
24
49
Vector Kc : 
175
151
73
194
129
166
38
36
251
189
229
214
94
92
133
129
38
44
46
222
207
37
182
112
98
195
106
228
62
153
97
89
192
91
70
48
182
67
119
122
237
209
37
32
98
71
187
179
113
66
241
68
187
128
35
109
146
130
173
4
54
167
184
157
237
71
200
144
21
150
155
234
3
228
100
187
184
216
51
124
226
168
60
201
251
3
146
186
93
124
242
86
191
222
19
76
51
180
47
127
14
117
227
5
128
198
158
113
36
25
247
145
155
254
202
111
129
150
183
93
153
4
39
40
106
203
75
49
12
220
67
153
134
32
128
159
239
154
51
69
10
227
184
198
123
37
101
51
107
15
109
195
50
192
181
187
220
168
158
138
110
2
59
28
242
71
175
9
98
232
194
183
2
249
136
44
199
107
34
124
17
ITER_MAX : 
1
